1740591965 1
1740591966 1
1740591967 1
1740591968 1
1740591969 1
1740591970 1
1740591971 1
1740591972 1
1740591973 1
1740591974 1
1740591975 1
1740591976 1
1740591977 1
1740591978 1
1740591979 1
1740591980 1
1740591981 4
1740591982 35
1740591983 70
1740591984 100
1740591985 100
1740591986 101
1740591987 101
1740591988 101
1740591989 101
1740591990 101
1740591991 101
1740591992 70
1740591993 34
1740591994 2
1740591995 2
1740591996 1
1740591997 1
1740591998 1
1740591999 1
1740592000 1
1740592001 1
1740592003 1
1740592004 1
1740592005 1
1740592006 1
1740592007 1
1740592008 1
1740592009 1
1740592010 1
1740592011 1
1740592012 1
1740592013 1
1740592014 1
1740592015 1
1740592016 1
1740592017 1
1740592018 1
1740592019 1
1740592020 1
1740592021 1
1740592022 1
1740592023 1
1740592024 1
1740592025 1
1740592026 1
1740592027 1
1740592028 1
1740592029 1
1740592030 1
1740592031 1
1740592032 1
1740592033 1
1740592034 1
1740592035 1
1740592036 1
1740592037 1
1740592038 1
1740592039 1
1740592040 1
1740592041 1
1740592042 1
1740592043 1
1740592044 1
1740592045 1
1740592046 1
1740592047 1
1740592048 1
1740592049 1
1740592050 1
1740592051 1
1740592052 1
1740592053 1
1740592054 1
1740592055 1
1740592056 1
1740592057 1
1740592058 1
1740592059 1
1740592060 1
1740592061 1
1740592062 1
1740592063 1
1740592064 1
1740592065 1
1740592066 1
1740592067 1
1740592068 1
1740592069 1
1740592070 1
1740592071 1
1740592072 1
1740592073 1
1740592074 1
1740592075 1
1740592076 1
1740592077 1
1740592078 1
1740592079 1
1740592080 1
1740592081 1
1740592082 1
1740592083 1
1740592084 1
1740592085 1
1740592086 1
1740592087 1
1740592088 1
1740592089 1
1740592090 1
1740592091 1
1740592092 1
1740592093 1
1740592094 1
1740592095 1
1740592096 1
1740592097 1
1740592098 1
1740592099 1
1740592100 1
1740592101 1
1740592102 1
1740592103 1
1740592104 1
1740592105 1
1740592106 1
1740592107 1
1740592108 1
1740592109 1
1740592110 1
1740592111 1
1740592112 1
1740592113 1
1740592114 1
1740592115 1
1740592116 1
1740592117 1
1740592118 1
1740592119 1
1740592120 1
1740592121 1
1740592122 1
1740592123 1
1740592124 1
1740592125 1
1740592126 1
1740592127 1
1740592128 1
1740592129 1
1740592130 1
1740592131 1
1740592132 1
1740592133 1
1740592134 1
1740592135 1
1740592136 1
1740592137 1
1740592138 1
1740592139 1
1740592140 1
1740592141 1
1740592142 1
1740592143 1
1740592144 1
1740592146 1
1740592147 1
1740592148 1
1740592149 1
1740592150 1
1740592151 1
1740592152 1
1740592153 1
1740592154 1
1740592155 1
1740592156 1
1740592157 1
1740592158 1
1740592159 1
1740592160 1
1740592161 1
1740592162 1
1740592163 1
1740592164 1
1740592165 1
1740592166 1
1740592167 1
1740592168 1
1740592169 1
1740592170 1
1740592171 1
1740592172 1
1740592173 1
1740592174 1
1740592175 1
1740592176 1
1740592177 1
1740592178 1
1740592179 1
1740592180 1
1740592181 1
1740592182 1
1740592183 1
1740592184 1
1740592185 1
1740592186 1
1740592187 1
1740592188 1
1740592189 1
1740592190 1
1740592191 1
1740592192 1
1740592193 1
1740592194 1
1740592195 1
1740592196 1
1740592197 1
1740592198 1
1740592199 1
1740592200 1
1740592201 1
1740592202 1
1740592203 1
1740592204 1
1740592205 1
1740592206 1
1740592207 1
1740592208 1
1740592209 1
1740592210 1
1740592211 1
1740592212 1
1740592213 1
1740592214 1
1740592215 1
1740592216 1
1740592217 1
1740592218 1
1740592219 1
1740592220 1
1740592221 1
1740592222 1
1740592223 1
1740592224 1
1740592225 1
1740592226 1
1740592227 1
1740592228 1
1740592229 1
1740592230 1
1740592231 1
1740592232 1
1740592233 1
1740592234 1
1740592235 1
1740592236 1
1740592237 1
1740592238 1
1740592239 1
1740592240 1
1740592241 1
1740592242 1
1740592243 1
1740592244 1
1740592245 1
1740592246 1
1740592247 1
1740592248 1
1740592249 1
1740592250 1
1740592251 1
1740592252 1
1740592253 1
1740592254 1
1740592255 1
1740592256 1
1740592257 1
1740592258 1
1740592259 1
1740592260 1
1740592261 1
1740592262 1
1740592263 1
1740592264 1
1740592265 1
1740592266 1
1740592267 1
1740592268 1
1740592269 1
1740592270 1
1740592271 1
1740592272 1
1740592273 1
1740592274 1
1740592275 1
1740592276 1
1740592277 1
1740592278 1
1740592279 1
1740592280 1
1740592281 1
1740592282 1
1740592283 1
1740592284 1
1740592285 1
1740592286 1
1740592287 1
1740592289 1
1740592290 1
1740592291 1
1740592292 1
1740592293 1
1740592294 1
1740592295 1
1740592296 1
1740592297 1
1740592298 1
1740592299 1
1740592300 1
1740592301 1
1740592302 1
1740592303 1
1740592304 1
1740592305 1
1740592306 1
1740592307 1
1740592308 1
1740592309 1
1740592310 1
1740592311 1
1740592312 1
1740592313 1
1740592314 1
1740592315 1
1740592316 1
1740592317 1
1740592318 1
1740592319 1
1740592320 1
1740592321 1
1740592322 1
1740592323 1
1740592324 1
1740592325 1
1740592326 1
1740592327 1
1740592328 1
1740592329 1
1740592330 1
1740592331 1
1740592332 1
1740592333 1
1740592334 1
1740592335 1
1740592336 1
1740592337 1
1740592338 1
1740592339 1
1740592340 1
1740592341 1
1740592342 1
1740592343 1
1740592344 1
1740592345 1
1740592346 1
1740592347 1
1740592348 1
1740592349 1
1740592350 1
1740592351 1
1740592352 1
1740592353 1
1740592354 1
1740592355 1
1740592356 1
1740592357 1
1740592358 1
1740592359 1
1740592360 1
1740592361 1
1740592362 1
1740592363 1
1740592364 1
1740592365 1
1740592366 1
1740592367 1
1740592368 1
1740592369 1
1740592370 1
1740592371 1
1740592372 1
1740592373 1
1740592374 1
1740592375 1
1740592376 1
1740592377 1
1740592378 1
1740592379 1
1740592380 1
1740592381 1
1740592382 1
1740592383 1
1740592384 1
1740592385 1
1740592386 1
1740592387 1
1740592388 1
1740592389 1
1740592390 1
1740592391 1
1740592392 1
1740592393 1
1740592394 1
1740592395 1
1740592396 1
1740592397 1
1740592398 1
1740592399 1
1740592400 1
1740592401 1
1740592402 1
1740592403 1
1740592404 1
1740592405 1
1740592406 1
1740592407 1
1740592408 1
1740592409 1
1740592410 1
1740592411 1
1740592412 1
1740592413 1
1740592414 1
1740592415 1
1740592416 1
